C.3   c.3      0.48410829  1  0  0   1
C.3   c.2      0.15868528  1  0  1   2
C.3   c.ar    10.00000000  1  0  2   3
C.3   o.3      0.86842484  1  0  6   4
C.3   o.2      0.00730916  1  0  7   5
C.3   o.co2   -0.22193812  1  0  8   6
C.3   n.ar    10.00000000  1  0 10   7
C.3   f       10.00000000  1  0 11   8
C.2   c.3      1.13335429  1  1  0   9
C.2   c.ar    10.00000000  1  1  2  10
C.2   n.4     -0.98747604  1  1  3  11
C.2   o.3     10.00000000  1  1  6  12
C.2   o.2      0.16358641  1  1  7  13
C.2   o.co2   -0.08672600  1  1  8  14
C.2   n.ar    10.00000000  1  1 10  15
C.AR  c.3     10.00000000  1  2  0  16
C.AR  c.2     10.00000000  1  2  1  17
C.AR  c.ar    10.00000000  1  2  2  18
C.AR  o.3     10.00000000  1  2  6  19
C.AR  o.2     10.00000000  1  2  7  20
C.AR  o.co2   10.00000000  1  2  8  21
C.AR  n.ar    10.00000000  1  2 10  22
C.AR  f       10.00000000  1  2 11  23
C.CAT o.co2   10.00000000  1  3  8  24
N.4   o.3     10.00000000  1  4  6  25
N.4   o.co2   10.00000000  1  4  8  26
N.AM  c.3      0.21238170  1  5  0  27
N.AM  c.2      0.37933404  1  5  1  28
N.AM  c.ar    10.00000000  1  5  2  29
N.AM  o.3      0.25711249  1  5  6  30
N.AM  o.2     10.00000000  1  5  7  31
N.AM  o.co2   -0.41797536  1  5  8  32
N.AM  n.ar    10.00000000  1  5 10  33
N.PL3 c.3     10.00000000  1  6  0  34
N.PL3 c.2     10.00000000  1  6  1  35
N.PL3 c.ar    10.00000000  1  6  2  36
N.PL3 o.3     10.00000000  1  6  6  37
N.PL3 o.2     10.00000000  1  6  7  38
N.PL3 o.co2   10.00000000  1  6  8  39
N.2   o.3     10.00000000  1  7  6  40
N.2   o.2     10.00000000  1  7  7  41
N.2   o.co2   10.00000000  1  7  8  42
O.3   c.3     -0.07096381  1  8  0  43
O.3   c.2     -1.54900645  1  8  1  44
O.3   c.ar     0.06296116  1  8  2  45
O.3   n.4     10.00000000  1  8  3  46
O.3   n.pl3   10.00000000  1  8  5  47
O.3   o.3     -0.84868884  1  8  6  48
O.3   o.2     10.00000000  1  8  7  49
O.3   o.co2   -1.54099908  1  8  8  50
O.3   n.ar    10.00000000  1  8 10  51
O.2   c.3      0.37950355  1  9  0  52
O.2   c.2     10.00000000  1  9  1  53
O.2   c.ar    10.00000000  1  9  2  54
O.2   n.4     10.00000000  1  9  3  55
O.2   n.am    10.00000000  1  9  4  56
O.2   n.pl3   10.00000000  1  9  5  57
O.2   o.3     10.00000000  1  9  6  58
O.2   o.2      0.04507426  1  9  7  59
O.2   o.co2    0.21763281  1  9  8  60
O.2   n.ar    10.00000000  1  9 10  61
O.CO2 c.3     -0.08950201  1 10  0  62
O.CO2 c.2     10.00000000  1 10  1  63
O.CO2 c.ar    10.00000000  1 10  2  64
O.CO2 n.4     10.00000000  1 10  3  65
O.CO2 n.am    10.00000000  1 10  4  66
O.CO2 n.pl3   10.00000000  1 10  5  67
O.CO2 o.3     10.00000000  1 10  6  68
O.CO2 o.2     10.00000000  1 10  7  69
O.CO2 o.co2   10.00000000  1 10  8  70
O.CO2 n.ar    10.00000000  1 10 10  71
MET   c.2     10.00000000  1 11  1  72
MET   o.3     -5.67362661  1 11  6  73
MET   o.2     -5.56113233  1 11  7  74
MET   o.co2   -6.55143461  1 11  8  75
MET   p.3     10.00000000  1 11  9  76
C.3   c.3      1.55958719  2  0  0   1
C.3   c.2      1.14226571  2  0  1   2
C.3   c.ar     2.36837316  2  0  2   3
C.3   o.3     10.00000000  2  0  6   4
C.3   o.2      0.99088959  2  0  7   5
C.3   o.co2    1.17486894  2  0  8   6
C.3   n.ar     1.70682176  2  0 10   7
C.3   f       10.00000000  2  0 11   8
C.2   c.3      0.68740548  2  1  0   9
C.2   c.ar     1.59451898  2  1  2  10
C.2   n.4     10.00000000  2  1  3  11
C.2   o.3      0.67920067  2  1  6  12
C.2   o.2     10.00000000  2  1  7  13
C.2   o.co2    0.48362781  2  1  8  14
C.2   n.ar    10.00000000  2  1 10  15
C.AR  c.3     10.00000000  2  2  0  16
C.AR  c.2     10.00000000  2  2  1  17
C.AR  c.ar    10.00000000  2  2  2  18
C.AR  o.3     10.00000000  2  2  6  19
C.AR  o.2      0.76894516  2  2  7  20
C.AR  o.co2    0.49959004  2  2  8  21
C.AR  n.ar    10.00000000  2  2 10  22
C.AR  f       10.00000000  2  2 11  23
C.CAT o.co2   10.00000000  2  3  8  24
N.4   o.3     -1.00375244  2  4  6  25
N.4   o.co2   -2.15821697  2  4  8  26
N.AM  c.3      1.36746668  2  5  0  27
N.AM  c.2      0.94968785  2  5  1  28
N.AM  c.ar     1.73784774  2  5  2  29
N.AM  o.3     10.00000000  2  5  6  30
N.AM  o.2      0.09237474  2  5  7  31
N.AM  o.co2   -0.35274664  2  5  8  32
N.AM  n.ar    10.00000000  2  5 10  33
N.PL3 c.3     10.00000000  2  6  0  34
N.PL3 c.2     10.00000000  2  6  1  35
N.PL3 c.ar     0.94259615  2  6  2  36
N.PL3 o.3     -0.62390363  2  6  6  37
N.PL3 o.2     -0.57624994  2  6  7  38
N.PL3 o.co2   -1.44111226  2  6  8  39
N.2   o.3     -2.12799469  2  7  6  40
N.2   o.2     -1.82737314  2  7  7  41
N.2   o.co2   -1.84914337  2  7  8  42
O.3   c.3     -0.04686588  2  8  0  43
O.3   c.2      0.26102724  2  8  1  44
O.3   c.ar     1.04654159  2  8  2  45
O.3   n.4     -1.18076685  2  8  3  46
O.3   n.pl3   -1.35701033  2  8  5  47
O.3   o.3     -2.00145906  2  8  6  48
O.3   o.2     -1.59938690  2  8  7  49
O.3   o.co2   -2.29148170  2  8  8  50
O.3   n.ar    -1.32092261  2  8 10  51
O.2   c.3      1.60480606  2  9  0  52
O.2   c.2      0.39291432  2  9  1  53
O.2   c.ar     2.13810058  2  9  2  54
O.2   n.4     -0.65082091  2  9  3  55
O.2   n.am     0.75880976  2  9  4  56
O.2   n.pl3   -0.22572773  2  9  5  57
O.2   o.3     -0.38628364  2  9  6  58
O.2   o.2      0.06917219  2  9  7  59
O.2   o.co2    0.24173074  2  9  8  60
O.2   n.ar     0.20759291  2  9 10  61
O.CO2 c.3      0.23912973  2 10  0  62
O.CO2 c.2     10.00000000  2 10  1  63
O.CO2 c.ar    10.00000000  2 10  2  64
O.CO2 n.4     -1.89173222  2 10  3  65
O.CO2 n.am    10.00000000  2 10  4  66
O.CO2 n.pl3   -0.63196222  2 10  5  67
O.CO2 o.3     -2.32085526  2 10  6  68
O.CO2 o.2     -1.34349148  2 10  7  69
O.CO2 o.co2   -1.94874260  2 10  8  70
O.CO2 n.ar    -1.20080911  2 10 10  71
MET   c.2     -4.22946309  2 11  1  72
MET   o.3     -5.96267145  2 11  6  73
MET   o.2     -5.72688378  2 11  7  74
MET   o.co2   -6.42277671  2 11  8  75
MET   p.3     10.00000000  2 11  9  76
C.3   c.3      2.06970110  3  0  0   1
C.3   c.2      1.80220323  3  0  1   2
C.3   c.ar     2.61508406  3  0  2   3
C.3   o.3      1.05962759  3  0  6   4
C.3   o.2      0.82437386  3  0  7   5
C.3   o.co2    0.63930680  3  0  8   6
C.3   n.ar     2.04543112  3  0 10   7
C.3   f        0.19077017  3  0 11   8
C.2   c.3      2.09419016  3  1  0   9
C.2   c.ar     2.69676986  3  1  2  10
C.2   n.4      0.74794038  3  1  3  11
C.2   o.3      0.52705094  3  1  6  12
C.2   o.2      0.40126671  3  1  7  13
C.2   o.co2    0.73033870  3  1  8  14
C.2   n.ar     1.58640246  3  1 10  15
C.AR  c.3      1.63550195  3  2  0  16
C.AR  c.2      1.79987341  3  2  1  17
C.AR  c.ar     2.61753535  3  2  2  18
C.AR  o.3      1.16161392  3  2  6  19
C.AR  o.2      0.36070735  3  2  7  20
C.AR  o.co2    0.50457885  3  2  8  21
C.AR  n.ar    10.00000000  3  2 10  22
C.AR  f        1.18762862  3  2 11  23
C.CAT o.co2   -0.04398978  3  3  8  24
N.4   o.3     -2.20935675  3  4  6  25
N.4   o.co2   -2.90946386  3  4  8  26
N.AM  c.3      1.64326432  3  5  0  27
N.AM  c.2      2.11475046  3  5  1  28
N.AM  c.ar     2.18514993  3  5  2  29
N.AM  o.3     -0.54590486  3  5  6  30
N.AM  o.2     -1.28324185  3  5  7  31
N.AM  o.co2   -1.35850440  3  5  8  32
N.AM  n.ar    -0.62534257  3  5 10  33
N.PL3 c.3      1.57843146  3  6  0  34
N.PL3 c.2      1.54545511  3  6  1  35
N.PL3 c.ar     1.18930705  3  6  2  36
N.PL3 o.3     -1.55720685  3  6  6  37
N.PL3 o.2     -1.66263626  3  6  7  38
N.PL3 o.co2   -2.49395817  3  6  8  39
N.2   o.3     -2.26966682  3  7  6  40
N.2   o.2     -2.33955346  3  7  7  41
N.2   o.co2   -2.47496392  3  7  8  42
O.3   c.3      0.06341883  3  8  0  43
O.3   c.2     -0.46853873  3  8  1  44
O.3   c.ar     0.31697563  3  8  2  45
O.3   n.4     -1.97314454  3  8  3  46
O.3   n.pl3   -1.69503060  3  8  5  47
O.3   o.3     -1.57049105  3  8  6  48
O.3   o.2     -1.58781061  3  8  7  49
O.3   o.co2   -2.29622005  3  8  8  50
O.3   n.ar    -1.53351654  3  8 10  51
O.2   c.3      0.91814782  3  9  0  52
O.2   c.2      0.97324577  3  9  1  53
O.2   c.ar     1.12421156  3  9  2  54
O.2   n.4     -1.48353398  3  9  3  55
O.2   n.am    -1.23675640  3  9  4  56
O.2   n.pl3   -1.34026100  3  9  5  57
O.2   o.3     -0.32787164  3  9  6  58
O.2   o.2      0.20719026  3  9  7  59
O.2   o.co2    0.20824427  3  9  8  60
O.2   n.ar    -0.63479157  3  9 10  61
O.CO2 c.3     -0.08814863  3 10  0  62
O.CO2 c.2      0.03477416  3 10  1  63
O.CO2 c.ar     0.75810110  3 10  2  64
O.CO2 n.4     -2.67661094  3 10  3  65
O.CO2 n.am    -1.67335509  3 10  4  66
O.CO2 n.pl3   -2.02741590  3 10  5  67
O.CO2 o.3     -2.34454987  3 10  6  68
O.CO2 o.2     -0.97950978  3 10  7  69
O.CO2 o.co2   -1.65273421  3 10  8  70
O.CO2 n.ar    -2.14301041  3 10 10  71
MET   c.2     -4.57013887  3 11  1  72
MET   o.3     -3.57685627  3 11  6  73
MET   o.2     -3.97829315  3 11  7  74
MET   o.co2   -4.12086370  3 11  8  75
MET   p.3     -5.28891343  3 11  9  76
C.3   c.3      1.07586518  4  0  0   1
C.3   c.2      0.87624859  4  0  1   2
C.3   c.ar     0.63676387  4  0  2   3
C.3   o.3     -0.10160944  4  0  6   4
C.3   o.2     -0.46203821  4  0  7   5
C.3   o.co2   -0.38270075  4  0  8   6
C.3   n.ar     0.01622281  4  0 10   7
C.3   f       -0.62698414  4  0 11   8
C.2   c.3      1.09498990  4  1  0   9
C.2   c.ar     0.77279585  4  1  2  10
C.2   n.4     -0.43273216  4  1  3  11
C.2   o.3     -0.46814573  4  1  6  12
C.2   o.2     -0.27962750  4  1  7  13
C.2   o.co2   -0.22797829  4  1  8  14
C.2   n.ar    -0.02740742  4  1 10  15
C.AR  c.3      0.05775472  4  2  0  16
C.AR  c.2     -0.12496210  4  2  1  17
C.AR  c.ar    -0.03509108  4  2  2  18
C.AR  o.3     -0.38896967  4  2  6  19
C.AR  o.2     -0.63491713  4  2  7  20
C.AR  o.co2   -0.47022995  4  2  8  21
C.AR  n.ar    -0.15526813  4  2 10  22
C.AR  f       -0.91300038  4  2 11  23
C.CAT o.co2   -1.69844675  4  3  8  24
N.4   o.3     -1.36517692  4  4  6  25
N.4   o.co2   -1.81205623  4  4  8  26
N.AM  c.3      0.97336771  4  5  0  27
N.AM  c.2      0.41466336  4  5  1  28
N.AM  c.ar     0.72993087  4  5  2  29
N.AM  o.3     -0.11447619  4  5  6  30
N.AM  o.2     -0.38745901  4  5  7  31
N.AM  o.co2   -0.43756150  4  5  8  32
N.AM  n.ar    -0.16287834  4  5 10  33
N.PL3 c.3      0.09547903  4  6  0  34
N.PL3 c.2     -0.78393545  4  6  1  35
N.PL3 c.ar    -0.13993798  4  6  2  36
N.PL3 o.3     -0.94479679  4  6  6  37
N.PL3 o.2     -0.97034890  4  6  7  38
N.PL3 o.co2   -1.55554354  4  6  8  39
N.2   o.3     -1.83924934  4  7  6  40
N.2   o.2     -1.98764630  4  7  7  41
N.2   o.co2   -1.88683583  4  7  8  42
O.3   c.3     -0.79226228  4  8  0  43
O.3   c.2     -1.01272101  4  8  1  44
O.3   c.ar    -0.56393490  4  8  2  45
O.3   n.4     -1.13730275  4  8  3  46
O.3   n.pl3   -1.10405687  4  8  5  47
O.3   o.3     -0.67639520  4  8  6  48
O.3   o.2     -0.74456302  4  8  7  49
O.3   o.co2   -1.05799833  4  8  8  50
O.3   n.ar    -0.80325732  4  8 10  51
O.2   c.3     -0.14302344  4  9  0  52
O.2   c.2      0.28508463  4  9  1  53
O.2   c.ar    -0.01925140  4  9  2  54
O.2   n.4     -0.36064591  4  9  3  55
O.2   n.am    -0.20492690  4  9  4  56
O.2   n.pl3   -0.31086046  4  9  5  57
O.2   o.3      0.11628818  4  9  6  58
O.2   o.2     -0.17782226  4  9  7  59
O.2   o.co2    0.20187436  4  9  8  60
O.2   n.ar    -0.15383158  4  9 10  61
O.CO2 c.3     -1.10375800  4 10  0  62
O.CO2 c.2     -0.59399166  4 10  1  63
O.CO2 c.ar    -0.49542164  4 10  2  64
O.CO2 n.4     -1.72617788  4 10  3  65
O.CO2 n.am    -0.95654928  4 10  4  66
O.CO2 n.pl3   -1.10765115  4 10  5  67
O.CO2 o.3     -1.39874819  4 10  6  68
O.CO2 o.2     -0.75789719  4 10  7  69
O.CO2 o.co2   -1.30982029  4 10  8  70
O.CO2 n.ar    -1.11061165  4 10 10  71
MET   c.2     -3.50567795  4 11  1  72
MET   o.3     -3.08814926  4 11  6  73
MET   o.2     -3.18571511  4 11  7  74
MET   o.co2   -3.04790340  4 11  8  75
MET   p.3     -5.48233858  4 11  9  76
C.3   c.3      0.40299033  5  0  0   1
C.3   c.2      0.31140618  5  0  1   2
C.3   c.ar     0.05368971  5  0  2   3
C.3   o.3      0.06971181  5  0  6   4
C.3   o.2     -0.16867570  5  0  7   5
C.3   o.co2   -0.11164095  5  0  8   6
C.3   n.ar    -0.17149017  5  0 10   7
C.3   f       -0.20468895  5  0 11   8
C.2   c.3      0.38485355  5  1  0   9
C.2   c.ar     0.29921082  5  1  2  10
C.2   n.4     -0.22276174  5  1  3  11
C.2   o.3     -0.12598851  5  1  6  12
C.2   o.2     -0.17294569  5  1  7  13
C.2   o.co2   -0.23682333  5  1  8  14
C.2   n.ar    -0.17393309  5  1 10  15
C.AR  c.3     -0.48943875  5  2  0  16
C.AR  c.2     -0.50297607  5  2  1  17
C.AR  c.ar    -0.50204833  5  2  2  18
C.AR  o.3     -0.32574704  5  2  6  19
C.AR  o.2     -0.48589311  5  2  7  20
C.AR  o.co2   -0.13409461  5  2  8  21
C.AR  n.ar    -0.56057200  5  2 10  22
C.AR  f       -0.63450045  5  2 11  23
C.CAT o.co2   -1.73784748  5  3  8  24
N.4   o.3     -0.61071041  5  4  6  25
N.4   o.co2   -1.08291642  5  4  8  26
N.AM  c.3      0.64256528  5  5  0  27
N.AM  c.2      0.14688809  5  5  1  28
N.AM  c.ar     0.38855272  5  5  2  29
N.AM  o.3      0.42604068  5  5  6  30
N.AM  o.2      0.52022555  5  5  7  31
N.AM  o.co2    0.25256765  5  5  8  32
N.AM  n.ar     0.42800379  5  5 10  33
N.PL3 c.3     -0.27713591  5  6  0  34
N.PL3 c.2     -0.86711005  5  6  1  35
N.PL3 c.ar    -0.20968670  5  6  2  36
N.PL3 o.3     -0.34398687  5  6  6  37
N.PL3 o.2     -0.19640757  5  6  7  38
N.PL3 o.co2   -0.99619753  5  6  8  39
N.2   o.3     -0.81362758  5  7  6  40
N.2   o.2     -1.06950681  5  7  7  41
N.2   o.co2   -1.08162800  5  7  8  42
O.3   c.3     -0.54553074  5  8  0  43
O.3   c.2     -0.61278760  5  8  1  44
O.3   c.ar    -0.35474578  5  8  2  45
O.3   n.4     -0.36553322  5  8  3  46
O.3   n.pl3   -0.29095277  5  8  5  47
O.3   o.3     -0.26182127  5  8  6  48
O.3   o.2     -0.22525748  5  8  7  49
O.3   o.co2   -0.55029343  5  8  8  50
O.3   n.ar    -0.33418443  5  8 10  51
O.2   c.3      0.17295065  5  9  0  52
O.2   c.2      0.21495131  5  9  1  53
O.2   c.ar     0.18976823  5  9  2  54
O.2   n.4      0.55984220  5  9  3  55
O.2   n.am     0.60737815  5  9  4  56
O.2   n.pl3    0.48484120  5  9  5  57
O.2   o.3      0.33242412  5  9  6  58
O.2   o.2      0.10005194  5  9  7  59
O.2   o.co2    0.47223320  5  9  8  60
O.2   n.ar    -0.03548214  5  9 10  61
O.CO2 c.3     -0.73157240  5 10  0  62
O.CO2 c.2     -0.37921992  5 10  1  63
O.CO2 c.ar    -0.22988223  5 10  2  64
O.CO2 n.4     -0.77296758  5 10  3  65
O.CO2 n.am    -0.29347257  5 10  4  66
O.CO2 n.pl3   -0.40145976  5 10  5  67
O.CO2 o.3     -0.66473281  5 10  6  68
O.CO2 o.2     -0.31303613  5 10  7  69
O.CO2 o.co2   -0.48256136  5 10  8  70
O.CO2 n.ar    -0.64842521  5 10 10  71
MET   c.2     -2.34605414  5 11  1  72
MET   o.3     -2.68095294  5 11  6  73
MET   o.2     -2.12720892  5 11  7  74
MET   o.co2   -2.96746973  5 11  8  75
MET   p.3     -3.79598654  5 11  9  76
C.3   c.3      0.16133766  6  0  0   1
C.3   c.2      0.07080599  6  0  1   2
C.3   c.ar    -0.05626566  6  0  2   3
C.3   o.3      0.17887042  6  0  6   4
C.3   o.2      0.05477232  6  0  7   5
C.3   o.co2    0.20415176  6  0  8   6
C.3   n.ar    -0.04683011  6  0 10   7
C.3   f       -0.13183208  6  0 11   8
C.2   c.3      0.08394383  6  1  0   9
C.2   c.ar     0.11326279  6  1  2  10
C.2   n.4      0.12751900  6  1  3  11
C.2   o.3      0.09633777  6  1  6  12
C.2   o.2     -0.01853210  6  1  7  13
C.2   o.co2    0.02742426  6  1  8  14
C.2   n.ar    -0.00926592  6  1 10  15
C.AR  c.3     -0.54498215  6  2  0  16
C.AR  c.2     -0.55049265  6  2  1  17
C.AR  c.ar    -0.47435593  6  2  2  18
C.AR  o.3     -0.34910511  6  2  6  19
C.AR  o.2     -0.43574901  6  2  7  20
C.AR  o.co2    0.03480850  6  2  8  21
C.AR  n.ar    -0.51998889  6  2 10  22
C.AR  f       -0.54556159  6  2 11  23
C.CAT o.co2   -0.85021280  6  3  8  24
N.4   o.3     -0.58241497  6  4  6  25
N.4   o.co2   -1.04303701  6  4  8  26
N.AM  c.3      0.49851670  6  5  0  27
N.AM  c.2      0.38936901  6  5  1  28
N.AM  c.ar     0.33999374  6  5  2  29
N.AM  o.3      0.28806751  6  5  6  30
N.AM  o.2      0.34915084  6  5  7  31
N.AM  o.co2    0.24159137  6  5  8  32
N.AM  n.ar     0.14726756  6  5 10  33
N.PL3 c.3     -0.25200397  6  6  0  34
N.PL3 c.2     -0.46927365  6  6  1  35
N.PL3 c.ar    -0.11274313  6  6  2  36
N.PL3 o.3     -0.31646566  6  6  6  37
N.PL3 o.2     -0.29666314  6  6  7  38
N.PL3 o.co2   -0.62101377  6  6  8  39
N.2   o.3     -0.89350178  6  7  6  40
N.2   o.2     -0.90021291  6  7  7  41
N.2   o.co2   -0.99220068  6  7  8  42
O.3   c.3     -0.36388854  6  8  0  43
O.3   c.2     -0.26953940  6  8  1  44
O.3   c.ar    -0.20127680  6  8  2  45
O.3   n.4     -0.31397005  6  8  3  46
O.3   n.pl3   -0.31130318  6  8  5  47
O.3   o.3     -0.34391789  6  8  6  48
O.3   o.2     -0.13027792  6  8  7  49
O.3   o.co2   -0.47000048  6  8  8  50
O.3   n.ar    -0.33338894  6  8 10  51
O.2   c.3      0.36505699  6  9  0  52
O.2   c.2      0.36157016  6  9  1  53
O.2   c.ar     0.26560456  6  9  2  54
O.2   n.4      0.31052987  6  9  3  55
O.2   n.am     0.63514774  6  9  4  56
O.2   n.pl3    0.44047778  6  9  5  57
O.2   o.3      0.29525802  6  9  6  58
O.2   o.2      0.21188320  6  9  7  59
O.2   o.co2    0.40038281  6  9  8  60
O.2   n.ar     0.19186955  6  9 10  61
O.CO2 c.3     -0.42251391  6 10  0  62
O.CO2 c.2     -0.31251872  6 10  1  63
O.CO2 c.ar    -0.05700255  6 10  2  64
O.CO2 n.4     -0.51091225  6 10  3  65
O.CO2 n.am    -0.31300948  6 10  4  66
O.CO2 n.pl3   -0.27594136  6 10  5  67
O.CO2 o.3     -0.39625139  6 10  6  68
O.CO2 o.2     -0.17216087  6 10  7  69
O.CO2 o.co2   -0.46131794  6 10  8  70
O.CO2 n.ar    -0.40862957  6 10 10  71
MET   c.2     -2.69769786  6 11  1  72
MET   o.3     -2.75867624  6 11  6  73
MET   o.2     -2.54569249  6 11  7  74
MET   o.co2   -3.31377148  6 11  8  75
MET   p.3     -2.61732011  6 11  9  76
C.3   c.3      0.11249155  7  0  0   1
C.3   c.2      0.06935142  7  0  1   2
C.3   c.ar    -0.04794321  7  0  2   3
C.3   o.3      0.10008033  7  0  6   4
C.3   o.2      0.15341155  7  0  7   5
C.3   o.co2    0.20482632  7  0  8   6
C.3   n.ar    -0.06455047  7  0 10   7
C.3   f       -0.08091452  7  0 11   8
C.2   c.3      0.09429454  7  1  0   9
C.2   c.ar     0.11521768  7  1  2  10
C.2   n.4      0.13846132  7  1  3  11
C.2   o.3      0.04546651  7  1  6  12
C.2   o.2     -0.00095914  7  1  7  13
C.2   o.co2    0.03333449  7  1  8  14
C.2   n.ar     0.00612488  7  1 10  15
C.AR  c.3     -0.49059604  7  2  0  16
C.AR  c.2     -0.46008097  7  2  1  17
C.AR  c.ar    -0.38442401  7  2  2  18
C.AR  o.3     -0.38646722  7  2  6  19
C.AR  o.2     -0.36598593  7  2  7  20
C.AR  o.co2   -0.09491405  7  2  8  21
C.AR  n.ar    -0.42141872  7  2 10  22
C.AR  f       -0.51447311  7  2 11  23
C.CAT o.co2   -0.52733168  7  3  8  24
N.4   o.3     -0.47261623  7  4  6  25
N.4   o.co2   -0.95320476  7  4  8  26
N.AM  c.3      0.34632662  7  5  0  27
N.AM  c.2      0.50145026  7  5  1  28
N.AM  c.ar     0.27518254  7  5  2  29
N.AM  o.3      0.21004536  7  5  6  30
N.AM  o.2      0.23196525  7  5  7  31
N.AM  o.co2    0.12705572  7  5  8  32
N.AM  n.ar     0.00509327  7  5 10  33
N.PL3 c.3     -0.28477153  7  6  0  34
N.PL3 c.2     -0.37944140  7  6  1  35
N.PL3 c.ar    -0.08142518  7  6  2  36
N.PL3 o.3     -0.55697895  7  6  6  37
N.PL3 o.2     -0.35389069  7  6  7  38
N.PL3 o.co2   -0.90507669  7  6  8  39
N.2   o.3     -0.79132528  7  7  6  40
N.2   o.2     -0.86499807  7  7  7  41
N.2   o.co2   -0.88585324  7  7  8  42
O.3   c.3     -0.31634754  7  8  0  43
O.3   c.2     -0.21732585  7  8  1  44
O.3   c.ar    -0.17711838  7  8  2  45
O.3   n.4     -0.28248223  7  8  3  46
O.3   n.pl3   -0.24114296  7  8  5  47
O.3   o.3     -0.31231548  7  8  6  48
O.3   o.2     -0.14798514  7  8  7  49
O.3   o.co2   -0.51287257  7  8  8  50
O.3   n.ar    -0.37522758  7  8 10  51
O.2   c.3      0.44190498  7  9  0  52
O.2   c.2      0.40837365  7  9  1  53
O.2   c.ar     0.28323276  7  9  2  54
O.2   n.4      0.23672180  7  9  3  55
O.2   n.am     0.45424974  7  9  4  56
O.2   n.pl3    0.43799432  7  9  5  57
O.2   o.3      0.28502155  7  9  6  58
O.2   o.2      0.02781140  7  9  7  59
O.2   o.co2    0.09871377  7  9  8  60
O.2   n.ar     0.18192145  7  9 10  61
O.CO2 c.3     -0.32958155  7 10  0  62
O.CO2 c.2     -0.27116058  7 10  1  63
O.CO2 c.ar    -0.11458288  7 10  2  64
O.CO2 n.4     -0.68672001  7 10  3  65
O.CO2 n.am    -0.28096749  7 10  4  66
O.CO2 n.pl3   -0.07359937  7 10  5  67
O.CO2 o.3     -0.46334739  7 10  6  68
O.CO2 o.2     -0.25873517  7 10  7  69
O.CO2 o.co2   -0.62114044  7 10  8  70
O.CO2 n.ar    -0.40032608  7 10 10  71
MET   c.2     -2.58309829  7 11  1  72
MET   o.3     -2.30541220  7 11  6  73
MET   o.2     -2.09603063  7 11  7  74
MET   o.co2   -2.81491389  7 11  8  75
MET   p.3     -2.40938033  7 11  9  76
C.3   c.3      0.04633250  8  0  0   1
C.3   c.2      0.09840504  8  0  1   2
C.3   c.ar    -0.05253118  8  0  2   3
C.3   o.3      0.07845158  8  0  6   4
C.3   o.2      0.16559269  8  0  7   5
C.3   o.co2    0.16685235  8  0  8   6
C.3   n.ar    -0.03801308  8  0 10   7
C.3   f       -0.03459834  8  0 11   8
C.2   c.3      0.11626434  8  1  0   9
C.2   c.ar     0.10484229  8  1  2  10
C.2   n.4      0.04033961  8  1  3  11
C.2   o.3      0.04542144  8  1  6  12
C.2   o.2      0.14010031  8  1  7  13
C.2   o.co2    0.02333240  8  1  8  14
C.2   n.ar     0.05484923  8  1 10  15
C.AR  c.3     -0.44291016  8  2  0  16
C.AR  c.2     -0.43549518  8  2  1  17
C.AR  c.ar    -0.32540240  8  2  2  18
C.AR  o.3     -0.37560067  8  2  6  19
C.AR  o.2     -0.31195510  8  2  7  20
C.AR  o.co2   -0.08563055  8  2  8  21
C.AR  n.ar    -0.31129578  8  2 10  22
C.AR  f       -0.46086716  8  2 11  23
C.CAT o.co2   -0.57544661  8  3  8  24
N.4   o.3     -0.55999603  8  4  6  25
N.4   o.co2   -0.79851272  8  4  8  26
N.AM  c.3      0.22658961  8  5  0  27
N.AM  c.2      0.26056334  8  5  1  28
N.AM  c.ar     0.15744924  8  5  2  29
N.AM  o.3      0.19230547  8  5  6  30
N.AM  o.2      0.24741386  8  5  7  31
N.AM  o.co2    0.09906434  8  5  8  32
N.AM  n.ar     0.07219870  8  5 10  33
N.PL3 c.3     -0.36583768  8  6  0  34
N.PL3 c.2     -0.46864438  8  6  1  35
N.PL3 c.ar    -0.06129255  8  6  2  36
N.PL3 o.3     -0.53655374  8  6  6  37
N.PL3 o.2     -0.34331958  8  6  7  38
N.PL3 o.co2   -0.73495563  8  6  8  39
N.2   o.3     -0.67639198  8  7  6  40
N.2   o.2     -0.71032320  8  7  7  41
N.2   o.co2   -0.64066053  8  7  8  42
O.3   c.3     -0.23572564  8  8  0  43
O.3   c.2     -0.16688124  8  8  1  44
O.3   c.ar    -0.15989250  8  8  2  45
O.3   n.4     -0.32738601  8  8  3  46
O.3   n.pl3   -0.18127436  8  8  5  47
O.3   o.3     -0.21053312  8  8  6  48
O.3   o.2     -0.11435417  8  8  7  49
O.3   o.co2   -0.18508293  8  8  8  50
O.3   n.ar    -0.26026923  8  8 10  51
O.2   c.3      0.41563316  8  9  0  52
O.2   c.2      0.34818958  8  9  1  53
O.2   c.ar     0.20740834  8  9  2  54
O.2   n.4      0.42659050  8  9  3  55
O.2   n.am     0.36537101  8  9  4  56
O.2   n.pl3    0.16285313  8  9  5  57
O.2   o.3      0.28139770  8  9  6  58
O.2   o.2      0.23863160  8  9  7  59
O.2   o.co2    0.15223465  8  9  8  60
O.2   n.ar     0.11456226  8  9 10  61
O.CO2 c.3     -0.29742505  8 10  0  62
O.CO2 c.2     -0.22995843  8 10  1  63
O.CO2 c.ar    -0.14788623  8 10  2  64
O.CO2 n.4     -0.53759961  8 10  3  65
O.CO2 n.am    -0.26459044  8 10  4  66
O.CO2 n.pl3   -0.06857398  8 10  5  67
O.CO2 o.3     -0.46542827  8 10  6  68
O.CO2 o.2     -0.23934195  8 10  7  69
O.CO2 o.co2   -0.55939158  8 10  8  70
O.CO2 n.ar    -0.22608382  8 10 10  71
MET   c.2     -2.19777584  8 11  1  72
MET   o.3     -2.09294767  8 11  6  73
MET   o.2     -1.87781301  8 11  7  74
MET   o.co2   -2.02590359  8 11  8  75
MET   p.3     -3.04805300  8 11  9  76
C.3   c.3      0.04265583  9  0  0   1
C.3   c.2      0.09693414  9  0  1   2
C.3   c.ar    -0.02196766  9  0  2   3
C.3   o.3      0.04635749  9  0  6   4
C.3   o.2      0.12852204  9  0  7   5
C.3   o.co2    0.10848069  9  0  8   6
C.3   n.ar    -0.00839424  9  0 10   7
C.3   f        0.01831270  9  0 11   8
C.2   c.3      0.07793726  9  1  0   9
C.2   c.ar     0.05050961  9  1  2  10
C.2   n.4      0.02553563  9  1  3  11
C.2   o.3      0.02932713  9  1  6  12
C.2   o.2      0.09125371  9  1  7  13
C.2   o.co2    0.00181461  9  1  8  14
C.2   n.ar    -0.01342596  9  1 10  15
C.AR  c.3     -0.39257371  9  2  0  16
C.AR  c.2     -0.37387055  9  2  1  17
C.AR  c.ar    -0.28874957  9  2  2  18
C.AR  o.3     -0.38519027  9  2  6  19
C.AR  o.2     -0.29029584  9  2  7  20
C.AR  o.co2   -0.18763414  9  2  8  21
C.AR  n.ar    -0.25653587  9  2 10  22
C.AR  f       -0.43193738  9  2 11  23
C.CAT o.co2   -0.65858426  9  3  8  24
N.4   o.3     -0.47408270  9  4  6  25
N.4   o.co2   -0.55006340  9  4  8  26
N.AM  c.3      0.18740981  9  5  0  27
N.AM  c.2      0.17173561  9  5  1  28
N.AM  c.ar     0.09589385  9  5  2  29
N.AM  o.3      0.13189488  9  5  6  30
N.AM  o.2      0.22644985  9  5  7  31
N.AM  o.co2    0.27081208  9  5  8  32
N.AM  n.ar     0.05897133  9  5 10  33
N.PL3 c.3     -0.33378436  9  6  0  34
N.PL3 c.2     -0.47395124  9  6  1  35
N.PL3 c.ar    -0.05659221  9  6  2  36
N.PL3 o.3     -0.36513284  9  6  6  37
N.PL3 o.2     -0.14813329  9  6  7  38
N.PL3 o.co2   -0.40962026  9  6  8  39
N.2   o.3     -0.54123905  9  7  6  40
N.2   o.2     -0.62195631  9  7  7  41
N.2   o.co2   -0.46154422  9  7  8  42
O.3   c.3     -0.21422873  9  8  0  43
O.3   c.2     -0.21277104  9  8  1  44
O.3   c.ar    -0.16204874  9  8  2  45
O.3   n.4     -0.27740939  9  8  3  46
O.3   n.pl3   -0.11896871  9  8  5  47
O.3   o.3     -0.15675995  9  8  6  48
O.3   o.2     -0.12319517  9  8  7  49
O.3   o.co2   -0.13169142  9  8  8  50
O.3   n.ar    -0.16781926  9  8 10  51
O.2   c.3      0.31275889  9  9  0  52
O.2   c.2      0.22470556  9  9  1  53
O.2   c.ar     0.14693213  9  9  2  54
O.2   n.4      0.39845625  9  9  3  55
O.2   n.am     0.24582465  9  9  4  56
O.2   n.pl3    0.05357705  9  9  5  57
O.2   o.3      0.23794007  9  9  6  58
O.2   o.2      0.27276347  9  9  7  59
O.2   o.co2    0.16296002  9  9  8  60
O.2   n.ar     0.10576390  9  9 10  61
O.CO2 c.3     -0.24884366  9 10  0  62
O.CO2 c.2     -0.21404055  9 10  1  63
O.CO2 c.ar    -0.18233635  9 10  2  64
O.CO2 n.4     -0.22917985  9 10  3  65
O.CO2 n.am    -0.30115112  9 10  4  66
O.CO2 n.pl3   -0.06721413  9 10  5  67
O.CO2 o.3     -0.33143889  9 10  6  68
O.CO2 o.2     -0.15929872  9 10  7  69
O.CO2 o.co2   -0.49510114  9 10  8  70
O.CO2 n.ar    -0.16373886  9 10 10  71
MET   c.2     -2.21497501  9 11  1  72
MET   o.3     -2.04082014  9 11  6  73
MET   o.2     -1.92832586  9 11  7  74
MET   o.co2   -1.81301343  9 11  8  75
MET   p.3     -2.97124152  9 11  9  76
C.3   c.3      0.05846995 10  0  0   1
C.3   c.2      0.09648871 10  0  1   2
C.3   c.ar    -0.00162260 10  0  2   3
C.3   o.3      0.06279575 10  0  6   4
C.3   o.2      0.07195716 10  0  7   5
C.3   o.co2    0.11511246 10  0  8   6
C.3   n.ar     0.01053380 10  0 10   7
C.3   f        0.00725815 10  0 11   8
C.2   c.3      0.05198381 10  1  0   9
C.2   c.ar    -0.00626814 10  1  2  10
C.2   n.4      0.07714495 10  1  3  11
C.2   o.3      0.00721023 10  1  6  12
C.2   o.2      0.07528954 10  1  7  13
C.2   o.co2    0.05275725 10  1  8  14
C.2   n.ar    -0.05480961 10  1 10  15
C.AR  c.3     -0.34761575 10  2  0  16
C.AR  c.2     -0.36607019 10  2  1  17
C.AR  c.ar    -0.26809431 10  2  2  18
C.AR  o.3     -0.30945109 10  2  6  19
C.AR  o.2     -0.24451442 10  2  7  20
C.AR  o.co2   -0.15789208 10  2  8  21
C.AR  n.ar    -0.18803154 10  2 10  22
C.AR  f       -0.25945766 10  2 11  23
C.CAT o.co2   -0.40166692 10  3  8  24
N.4   o.3     -0.21869767 10  4  6  25
N.4   o.co2   -0.40558856 10  4  8  26
N.AM  c.3      0.13458623 10  5  0  27
N.AM  c.2      0.14598877 10  5  1  28
N.AM  c.ar     0.03700348 10  5  2  29
N.AM  o.3      0.09773396 10  5  6  30
N.AM  o.2      0.14889586 10  5  7  31
N.AM  o.co2    0.20069069 10  5  8  32
N.AM  n.ar    -0.02110255 10  5 10  33
N.PL3 c.3     -0.28716448 10  6  0  34
N.PL3 c.2     -0.39102301 10  6  1  35
N.PL3 c.ar    -0.03481533 10  6  2  36
N.PL3 o.3     -0.31114952 10  6  6  37
N.PL3 o.2     -0.19891705 10  6  7  38
N.PL3 o.co2   -0.33847485 10  6  8  39
N.2   o.3     -0.47230647 10  7  6  40
N.2   o.2     -0.57402247 10  7  7  41
N.2   o.co2   -0.43382692 10  7  8  42
O.3   c.3     -0.16333269 10  8  0  43
O.3   c.2     -0.18253707 10  8  1  44
O.3   c.ar    -0.11945369 10  8  2  45
O.3   n.4     -0.16913826 10  8  3  46
O.3   n.pl3   -0.13487936 10  8  5  47
O.3   o.3     -0.12361849 10  8  6  48
O.3   o.2     -0.03331022 10  8  7  49
O.3   o.co2   -0.19573199 10  8  8  50
O.3   n.ar    -0.23242891 10  8 10  51
O.2   c.3      0.23069530 10  9  0  52
O.2   c.2      0.22235663 10  9  1  53
O.2   c.ar     0.09088217 10  9  2  54
O.2   n.4      0.29992216 10  9  3  55
O.2   n.am     0.18759917 10  9  4  56
O.2   n.pl3    0.00609844 10  9  5  57
O.2   o.3      0.16213610 10  9  6  58
O.2   o.2      0.18171323 10  9  7  59
O.2   o.co2    0.13226165 10  9  8  60
O.2   n.ar     0.00261904 10  9 10  61
O.CO2 c.3     -0.19259555 10 10  0  62
O.CO2 c.2     -0.10546533 10 10  1  63
O.CO2 c.ar    -0.11931087 10 10  2  64
O.CO2 n.4     -0.20890978 10 10  3  65
O.CO2 n.am    -0.17956137 10 10  4  66
O.CO2 n.pl3    0.13581134 10 10  5  67
O.CO2 o.3     -0.29550507 10 10  6  68
O.CO2 o.2     -0.12741295 10 10  7  69
O.CO2 o.co2   -0.49891749 10 10  8  70
O.CO2 n.ar    -0.20276106 10 10 10  71
MET   c.2     -2.26314045 10 11  1  72
MET   o.3     -2.01670503 10 11  6  73
MET   o.2     -1.86636599 10 11  7  74
MET   o.co2   -2.00245294 10 11  8  75
MET   p.3     -2.11931979 10 11  9  76
C.3   c.3      0.07744438 11  0  0   1
C.3   c.2      0.06992193 11  0  1   2
C.3   c.ar     0.03252637 11  0  2   3
C.3   o.3      0.04659277 11  0  6   4
C.3   o.2      0.06017437 11  0  7   5
C.3   o.co2    0.10478981 11  0  8   6
C.3   n.ar     0.00674803 11  0 10   7
C.3   f        0.05945004 11  0 11   8
C.2   c.3      0.03012567 11  1  0   9
C.2   c.ar    -0.04297735 11  1  2  10
C.2   n.4      0.01602734 11  1  3  11
C.2   o.3     -0.01299569 11  1  6  12
C.2   o.2      0.02703568 11  1  7  13
C.2   o.co2    0.04041122 11  1  8  14
C.2   n.ar    -0.05257075 11  1 10  15
C.AR  c.3     -0.26649915 11  2  0  16
C.AR  c.2     -0.30352252 11  2  1  17
C.AR  c.ar    -0.19125956 11  2  2  18
C.AR  o.3     -0.23076384 11  2  6  19
C.AR  o.2     -0.16856926 11  2  7  20
C.AR  o.co2   -0.09002403 11  2  8  21
C.AR  n.ar    -0.13323900 11  2 10  22
C.AR  f       -0.24443329 11  2 11  23
C.CAT o.co2   -0.27720813 11  3  8  24
N.4   o.3     -0.13660202 11  4  6  25
N.4   o.co2   -0.45466523 11  4  8  26
N.AM  c.3      0.08740429 11  5  0  27
N.AM  c.2      0.13466888 11  5  1  28
N.AM  c.ar    -0.02280727 11  5  2  29
N.AM  o.3      0.05655981 11  5  6  30
N.AM  o.2      0.08457359 11  5  7  31
N.AM  o.co2    0.11230355 11  5  8  32
N.AM  n.ar    -0.10893156 11  5 10  33
N.PL3 c.3     -0.26258350 11  6  0  34
N.PL3 c.2     -0.32075346 11  6  1  35
N.PL3 c.ar    -0.00768710 11  6  2  36
N.PL3 o.3     -0.28265254 11  6  6  37
N.PL3 o.2     -0.25956857 11  6  7  38
N.PL3 o.co2   -0.40198733 11  6  8  39
N.2   o.3     -0.45165498 11  7  6  40
N.2   o.2     -0.54275295 11  7  7  41
N.2   o.co2   -0.34577333 11  7  8  42
O.3   c.3     -0.10113971 11  8  0  43
O.3   c.2     -0.13278664 11  8  1  44
O.3   c.ar    -0.07343874 11  8  2  45
O.3   n.4     -0.23702280 11  8  3  46
O.3   n.pl3   -0.20655387 11  8  5  47
O.3   o.3     -0.19264401 11  8  6  48
O.3   o.2     -0.19309323 11  8  7  49
O.3   o.co2   -0.26701856 11  8  8  50
O.3   n.ar    -0.19025172 11  8 10  51
O.2   c.3      0.14579916 11  9  0  52
O.2   c.2      0.16772212 11  9  1  53
O.2   c.ar     0.03335591 11  9  2  54
O.2   n.4      0.06613018 11  9  3  55
O.2   n.am     0.12891008 11  9  4  56
O.2   n.pl3   -0.04330586 11  9  5  57
O.2   o.3      0.07344672 11  9  6  58
O.2   o.2      0.11475159 11  9  7  59
O.2   o.co2    0.11745975 11  9  8  60
O.2   n.ar    -0.05242626 11  9 10  61
O.CO2 c.3     -0.15076147 11 10  0  62
O.CO2 c.2     -0.15679623 11 10  1  63
O.CO2 c.ar    -0.12069820 11 10  2  64
O.CO2 n.4     -0.17073066 11 10  3  65
O.CO2 n.am    -0.20087783 11 10  4  66
O.CO2 n.pl3   -0.11803879 11 10  5  67
O.CO2 o.3     -0.25825817 11 10  6  68
O.CO2 o.2     -0.18504807 11 10  7  69
O.CO2 o.co2   -0.41907910 11 10  8  70
O.CO2 n.ar    -0.22242362 11 10 10  71
MET   c.2     -2.00628044 11 11  1  72
MET   o.3     -1.92247356 11 11  6  73
MET   o.2     -1.89854165 11 11  7  74
MET   o.co2   -1.91870678 11 11  8  75
MET   p.3     -2.20554916 11 11  9  76
C.3   c.3      0.09164539 12  0  0   1
C.3   c.2      0.08424552 12  0  1   2
C.3   c.ar     0.03939096 12  0  2   3
C.3   o.3      0.06757555 12  0  6   4
C.3   o.2      0.05677271 12  0  7   5
C.3   o.co2    0.07343291 12  0  8   6
C.3   n.ar     0.02902760 12  0 10   7
C.3   f        0.02817746 12  0 11   8
C.2   c.3      0.01304703 12  1  0   9
C.2   c.ar    -0.06639700 12  1  2  10
C.2   n.4      0.03646746 12  1  3  11
C.2   o.3     -0.01123322 12  1  6  12
C.2   o.2     -0.01952312 12  1  7  13
C.2   o.co2    0.02873548 12  1  8  14
C.2   n.ar    -0.07466045 12  1 10  15
C.AR  c.3     -0.19996708 12  2  0  16
C.AR  c.2     -0.21221151 12  2  1  17
C.AR  c.ar    -0.12455575 12  2  2  18
C.AR  o.3     -0.17265812 12  2  6  19
C.AR  o.2     -0.12521925 12  2  7  20
C.AR  o.co2   -0.06209045 12  2  8  21
C.AR  n.ar    -0.06811495 12  2 10  22
C.AR  f       -0.20692300 12  2 11  23
C.CAT o.co2   -0.19552168 12  3  8  24
N.4   o.3     -0.03535809 12  4  6  25
N.4   o.co2   -0.30847814 12  4  8  26
N.AM  c.3      0.08251891 12  5  0  27
N.AM  c.2      0.08970609 12  5  1  28
N.AM  c.ar    -0.05250182 12  5  2  29
N.AM  o.3      0.02110355 12  5  6  30
N.AM  o.2      0.06874018 12  5  7  31
N.AM  o.co2    0.05930506 12  5  8  32
N.AM  n.ar    -0.07567218 12  5 10  33
N.PL3 c.3     -0.21842318 12  6  0  34
N.PL3 c.2     -0.25309316 12  6  1  35
N.PL3 c.ar    -0.02091544 12  6  2  36
N.PL3 o.3     -0.24075773 12  6  6  37
N.PL3 o.2     -0.22653293 12  6  7  38
N.PL3 o.co2   -0.27439929 12  6  8  39
N.2   o.3     -0.31878110 12  7  6  40
N.2   o.2     -0.49347043 12  7  7  41
N.2   o.co2   -0.30695688 12  7  8  42
O.3   c.3     -0.09552641 12  8  0  43
O.3   c.2     -0.11183632 12  8  1  44
O.3   c.ar    -0.03293725 12  8  2  45
O.3   n.4     -0.13747918 12  8  3  46
O.3   n.pl3   -0.04805520 12  8  5  47
O.3   o.3     -0.12910455 12  8  6  48
O.3   o.2     -0.14826451 12  8  7  49
O.3   o.co2   -0.17478957 12  8  8  50
O.3   n.ar    -0.10769307 12  8 10  51
O.2   c.3      0.07474358 12  9  0  52
O.2   c.2      0.07764823 12  9  1  53
O.2   c.ar    -0.03784152 12  9  2  54
O.2   n.4      0.04309592 12  9  3  55
O.2   n.am     0.10427771 12  9  4  56
O.2   n.pl3   -0.08171304 12  9  5  57
O.2   o.3      0.00760981 12  9  6  58
O.2   o.2      0.05981949 12  9  7  59
O.2   o.co2    0.09295901 12  9  8  60
O.2   n.ar    -0.09457558 12  9 10  61
O.CO2 c.3     -0.14867453 12 10  0  62
O.CO2 c.2     -0.12483657 12 10  1  63
O.CO2 c.ar    -0.12672830 12 10  2  64
O.CO2 n.4     -0.13948561 12 10  3  65
O.CO2 n.am    -0.16345478 12 10  4  66
O.CO2 n.pl3   -0.12067892 12 10  5  67
O.CO2 o.3     -0.20168373 12 10  6  68
O.CO2 o.2     -0.14490656 12 10  7  69
O.CO2 o.co2   -0.27653018 12 10  8  70
O.CO2 n.ar    -0.15077748 12 10 10  71
MET   c.2     -1.98731332 12 11  1  72
MET   o.3     -1.51338760 12 11  6  73
MET   o.2     -1.54302444 12 11  7  74
MET   o.co2   -1.77484679 12 11  8  75
MET   p.3     -1.48867803 12 11  9  76
C.3   c.3      0.08950703 13  0  0   1
C.3   c.2      0.08138157 13  0  1   2
C.3   c.ar     0.04324983 13  0  2   3
C.3   o.3      0.06566642 13  0  6   4
C.3   o.2      0.04618579 13  0  7   5
C.3   o.co2    0.05235893 13  0  8   6
C.3   n.ar     0.02965292 13  0 10   7
C.3   f        0.01435350 13  0 11   8
C.2   c.3      0.01050473 13  1  0   9
C.2   c.ar    -0.09063571 13  1  2  10
C.2   n.4      0.05324774 13  1  3  11
C.2   o.3     -0.01896304 13  1  6  12
C.2   o.2     -0.00999734 13  1  7  13
C.2   o.co2    0.05605938 13  1  8  14
C.2   n.ar    -0.15467741 13  1 10  15
C.AR  c.3     -0.13892766 13  2  0  16
C.AR  c.2     -0.13744217 13  2  1  17
C.AR  c.ar    -0.04845420 13  2  2  18
C.AR  o.3     -0.10769060 13  2  6  19
C.AR  o.2     -0.07823139 13  2  7  20
C.AR  o.co2   -0.03903024 13  2  8  21
C.AR  n.ar    -0.03662208 13  2 10  22
C.AR  f       -0.12753395 13  2 11  23
C.CAT o.co2   -0.17465247 13  3  8  24
N.4   o.3     -0.09923581 13  4  6  25
N.4   o.co2   -0.32044384 13  4  8  26
N.AM  c.3      0.05710088 13  5  0  27
N.AM  c.2      0.04673990 13  5  1  28
N.AM  c.ar    -0.06552833 13  5  2  29
N.AM  o.3      0.00868369 13  5  6  30
N.AM  o.2      0.03841909 13  5  7  31
N.AM  o.co2    0.05422454 13  5  8  32
N.AM  n.ar    -0.09144005 13  5 10  33
N.PL3 c.3     -0.16101408 13  6  0  34
N.PL3 c.2     -0.21244324 13  6  1  35
N.PL3 c.ar    -0.00981105 13  6  2  36
N.PL3 o.3     -0.18057448 13  6  6  37
N.PL3 o.2     -0.15482689 13  6  7  38
N.PL3 o.co2   -0.17326701 13  6  8  39
N.2   o.3     -0.36031931 13  7  6  40
N.2   o.2     -0.43941235 13  7  7  41
N.2   o.co2   -0.28013927 13  7  8  42
O.3   c.3     -0.07538874 13  8  0  43
O.3   c.2     -0.11120499 13  8  1  44
O.3   c.ar    -0.00956726 13  8  2  45
O.3   n.4     -0.13847065 13  8  3  46
O.3   n.pl3   -0.00128226 13  8  5  47
O.3   o.3     -0.03556251 13  8  6  48
O.3   o.2     -0.08207057 13  8  7  49
O.3   o.co2   -0.11408949 13  8  8  50
O.3   n.ar    -0.09304661 13  8 10  51
O.2   c.3      0.03720245 13  9  0  52
O.2   c.2      0.05846122 13  9  1  53
O.2   c.ar    -0.07425441 13  9  2  54
O.2   n.4      0.03885647 13  9  3  55
O.2   n.am     0.07842369 13  9  4  56
O.2   n.pl3   -0.10433277 13  9  5  57
O.2   o.3      0.02659749 13  9  6  58
O.2   o.2      0.04435384 13  9  7  59
O.2   o.co2    0.09937147 13  9  8  60
O.2   n.ar    -0.09589046 13  9 10  61
O.CO2 c.3     -0.11364508 13 10  0  62
O.CO2 c.2     -0.12673363 13 10  1  63
O.CO2 c.ar    -0.08786565 13 10  2  64
O.CO2 n.4     -0.15970999 13 10  3  65
O.CO2 n.am    -0.19657081 13 10  4  66
O.CO2 n.pl3   -0.11653288 13 10  5  67
O.CO2 o.3     -0.13702023 13 10  6  68
O.CO2 o.2     -0.16066706 13 10  7  69
O.CO2 o.co2   -0.26113459 13 10  8  70
O.CO2 n.ar    -0.18948923 13 10 10  71
MET   c.2     -1.74050254 13 11  1  72
MET   o.3     -1.41514931 13 11  6  73
MET   o.2     -1.12345800 13 11  7  74
MET   o.co2   -1.39228544 13 11  8  75
MET   p.3     -1.99351574 13 11  9  76
C.3   c.3      0.06658850 14  0  0   1
C.3   c.2      0.06422159 14  0  1   2
C.3   c.ar     0.03714174 14  0  2   3
C.3   o.3      0.04548046 14  0  6   4
C.3   o.2      0.04140531 14  0  7   5
C.3   o.co2    0.06681095 14  0  8   6
C.3   n.ar     0.02476265 14  0 10   7
C.3   f        0.03474273 14  0 11   8
C.2   c.3     -0.01588627 14  1  0   9
C.2   c.ar    -0.08313992 14  1  2  10
C.2   n.4      0.01586689 14  1  3  11
C.2   o.3     -0.03694804 14  1  6  12
C.2   o.2     -0.01490926 14  1  7  13
C.2   o.co2    0.00351064 14  1  8  14
C.2   n.ar    -0.12753616 14  1 10  15
C.AR  c.3     -0.06532631 14  2  0  16
C.AR  c.2     -0.05862716 14  2  1  17
C.AR  c.ar     0.00540683 14  2  2  18
C.AR  o.3     -0.04578676 14  2  6  19
C.AR  o.2     -0.03579559 14  2  7  20
C.AR  o.co2    0.02112744 14  2  8  21
C.AR  n.ar     0.03457086 14  2 10  22
C.AR  f       -0.05816032 14  2 11  23
C.CAT o.co2   -0.13985257 14  3  8  24
N.4   o.3      0.00263565 14  4  6  25
N.4   o.co2   -0.13565201 14  4  8  26
N.AM  c.3      0.01629163 14  5  0  27
N.AM  c.2      0.02044236 14  5  1  28
N.AM  c.ar    -0.06063109 14  5  2  29
N.AM  o.3     -0.00109850 14  5  6  30
N.AM  o.2      0.02943152 14  5  7  31
N.AM  o.co2    0.03863117 14  5  8  32
N.AM  n.ar    -0.10699793 14  5 10  33
N.PL3 c.3     -0.08094951 14  6  0  34
N.PL3 c.2     -0.17217224 14  6  1  35
N.PL3 c.ar     0.00628922 14  6  2  36
N.PL3 o.3     -0.10335852 14  6  6  37
N.PL3 o.2     -0.09491733 14  6  7  38
N.PL3 o.co2   -0.10427094 14  6  8  39
N.2   o.3     -0.23030183 14  7  6  40
N.2   o.2     -0.29330263 14  7  7  41
N.2   o.co2   -0.16511862 14  7  8  42
O.3   c.3     -0.04840720 14  8  0  43
O.3   c.2     -0.02027298 14  8  1  44
O.3   c.ar     0.03793224 14  8  2  45
O.3   n.4     -0.10056590 14  8  3  46
O.3   n.pl3   -0.09050817 14  8  5  47
O.3   o.3     -0.04267329 14  8  6  48
O.3   o.2     -0.01698825 14  8  7  49
O.3   o.co2   -0.10259547 14  8  8  50
O.3   n.ar    -0.02429184 14  8 10  51
O.2   c.3      0.02773816 14  9  0  52
O.2   c.2      0.02719730 14  9  1  53
O.2   c.ar    -0.06921750 14  9  2  54
O.2   n.4      0.06563943 14  9  3  55
O.2   n.am     0.05710279 14  9  4  56
O.2   n.pl3   -0.05638880 14  9  5  57
O.2   o.3      0.01907174 14  9  6  58
O.2   o.2      0.02448123 14  9  7  59
O.2   o.co2    0.06899108 14  9  8  60
O.2   n.ar    -0.09880217 14  9 10  61
O.CO2 c.3     -0.08606052 14 10  0  62
O.CO2 c.2     -0.10339215 14 10  1  63
O.CO2 c.ar    -0.05568979 14 10  2  64
O.CO2 n.4     -0.10206407 14 10  3  65
O.CO2 n.am    -0.12816191 14 10  4  66
O.CO2 n.pl3   -0.08733114 14 10  5  67
O.CO2 o.3     -0.07491968 14 10  6  68
O.CO2 o.2     -0.06440499 14 10  7  69
O.CO2 o.co2   -0.20170769 14 10  8  70
O.CO2 n.ar    -0.13507292 14 10 10  71
MET   c.2     -1.61240507 14 11  1  72
MET   o.3     -1.05668553 14 11  6  73
MET   o.2     -1.16686507 14 11  7  74
MET   o.co2   -1.28052214 14 11  8  75
MET   p.3     -1.50406435 14 11  9  76
C.3   c.3      0.03431198 15  0  0   1
C.3   c.2      0.05091620 15  0  1   2
C.3   c.ar     0.02386708 15  0  2   3
C.3   o.3      0.02888081 15  0  6   4
C.3   o.2      0.04924167 15  0  7   5
C.3   o.co2    0.06720546 15  0  8   6
C.3   n.ar     0.02227236 15  0 10   7
C.3   f        0.02449549 15  0 11   8
C.2   c.3     -0.02504172 15  1  0   9
C.2   c.ar    -0.06023792 15  1  2  10
C.2   n.4      0.00450481 15  1  3  11
C.2   o.3     -0.03024941 15  1  6  12
C.2   o.2     -0.00323453 15  1  7  13
C.2   o.co2    0.00076680 15  1  8  14
C.2   n.ar    -0.08350328 15  1 10  15
C.AR  c.3     -0.01993051 15  2  0  16
C.AR  c.2     -0.00368958 15  2  1  17
C.AR  c.ar     0.03483413 15  2  2  18
C.AR  o.3      0.02089329 15  2  6  19
C.AR  o.2      0.00643030 15  2  7  20
C.AR  o.co2    0.05486528 15  2  8  21
C.AR  n.ar     0.06898087 15  2 10  22
C.AR  f       -0.04086272 15  2 11  23
C.CAT o.co2    0.00991434 15  3  8  24
N.4   o.3     -0.05416318 15  4  6  25
N.4   o.co2   -0.01851101 15  4  8  26
N.AM  c.3     -0.03052717 15  5  0  27
N.AM  c.2     -0.00679650 15  5  1  28
N.AM  c.ar    -0.06505806 15  5  2  29
N.AM  o.3     -0.03627474 15  5  6  30
N.AM  o.2      0.00253158 15  5  7  31
N.AM  o.co2    0.01266739 15  5  8  32
N.AM  n.ar    -0.08097087 15  5 10  33
N.PL3 c.3     -0.02148161 15  6  0  34
N.PL3 c.2     -0.07087749 15  6  1  35
N.PL3 c.ar     0.02383184 15  6  2  36
N.PL3 o.3     -0.01424465 15  6  6  37
N.PL3 o.2     -0.06080734 15  6  7  38
N.PL3 o.co2   -0.04787059 15  6  8  39
N.2   o.3     -0.12956672 15  7  6  40
N.2   o.2     -0.19717793 15  7  7  41
N.2   o.co2   -0.08499203 15  7  8  42
O.3   c.3     -0.01239075 15  8  0  43
O.3   c.2      0.00448254 15  8  1  44
O.3   c.ar     0.05386802 15  8  2  45
O.3   n.4      0.02379304 15  8  3  46
O.3   n.pl3    0.02654364 15  8  5  47
O.3   o.3     -0.02973056 15  8  6  48
O.3   o.2      0.01148382 15  8  7  49
O.3   o.co2   -0.04931027 15  8  8  50
O.3   n.ar     0.02467446 15  8 10  51
O.2   c.3      0.01787281 15  9  0  52
O.2   c.2      0.01529308 15  9  1  53
O.2   c.ar    -0.03942707 15  9  2  54
O.2   n.4      0.05053080 15  9  3  55
O.2   n.am     0.02854135 15  9  4  56
O.2   n.pl3   -0.05329423 15  9  5  57
O.2   o.3     -0.00526726 15  9  6  58
O.2   o.2     -0.00086704 15  9  7  59
O.2   o.co2    0.01511948 15  9  8  60
O.2   n.ar    -0.06215987 15  9 10  61
O.CO2 c.3     -0.04790493 15 10  0  62
O.CO2 c.2     -0.06243063 15 10  1  63
O.CO2 c.ar    -0.02257704 15 10  2  64
O.CO2 n.4     -0.06718236 15 10  3  65
O.CO2 n.am    -0.10101797 15 10  4  66
O.CO2 n.pl3   -0.03593383 15 10  5  67
O.CO2 o.3     -0.09732800 15 10  6  68
O.CO2 o.2     -0.05283108 15 10  7  69
O.CO2 o.co2   -0.13935200 15 10  8  70
O.CO2 n.ar    -0.09743904 15 10 10  71
MET   c.2     -1.49828963 15 11  1  72
MET   o.3     -0.80954084 15 11  6  73
MET   o.2     -0.84479656 15 11  7  74
MET   o.co2   -1.11119566 15 11  8  75
MET   p.3     -1.31599368 15 11  9  76
C.3   c.3      0.02289366 16  0  0   1
C.3   c.2      0.03192012 16  0  1   2
C.3   c.ar     0.01410112 16  0  2   3
C.3   o.3      0.02380825 16  0  6   4
C.3   o.2      0.02821998 16  0  7   5
C.3   o.co2    0.07018188 16  0  8   6
C.3   n.ar     0.02776655 16  0 10   7
C.3   f        0.02940359 16  0 11   8
C.2   c.3     -0.03132378 16  1  0   9
C.2   c.ar    -0.04003545 16  1  2  10
C.2   n.4     -0.01531689 16  1  3  11
C.2   o.3     -0.02792952 16  1  6  12
C.2   o.2     -0.01772049 16  1  7  13
C.2   o.co2    0.00523345 16  1  8  14
C.2   n.ar    -0.06390793 16  1 10  15
C.AR  c.3      0.01505329 16  2  0  16
C.AR  c.2      0.00637279 16  2  1  17
C.AR  c.ar     0.04242794 16  2  2  18
C.AR  o.3      0.02904350 16  2  6  19
C.AR  o.2      0.01528391 16  2  7  20
C.AR  o.co2    0.03360449 16  2  8  21
C.AR  n.ar     0.08031395 16  2 10  22
C.AR  f       -0.03738737 16  2 11  23
C.CAT o.co2   -0.04869473 16  3  8  24
N.4   o.3      0.03608557 16  4  6  25
N.4   o.co2   -0.01850297 16  4  8  26
N.AM  c.3     -0.03473194 16  5  0  27
N.AM  c.2     -0.02496436 16  5  1  28
N.AM  c.ar    -0.04621040 16  5  2  29
N.AM  o.3     -0.02747949 16  5  6  30
N.AM  o.2     -0.00602238 16  5  7  31
N.AM  o.co2    0.00206700 16  5  8  32
N.AM  n.ar    -0.04935545 16  5 10  33
N.PL3 c.3      0.03304157 16  6  0  34
N.PL3 c.2     -0.00380548 16  6  1  35
N.PL3 c.ar     0.02724702 16  6  2  36
N.PL3 o.3     -0.00329451 16  6  6  37
N.PL3 o.2     -0.00863224 16  6  7  38
N.PL3 o.co2   -0.00690839 16  6  8  39
N.2   o.3     -0.07375206 16  7  6  40
N.2   o.2     -0.10424442 16  7  7  41
N.2   o.co2   -0.01899409 16  7  8  42
O.3   c.3     -0.02096439 16  8  0  43
O.3   c.2      0.01745207 16  8  1  44
O.3   c.ar     0.02875698 16  8  2  45
O.3   n.4      0.02633255 16  8  3  46
O.3   n.pl3    0.02457638 16  8  5  47
O.3   o.3     -0.00626424 16  8  6  48
O.3   o.2      0.02278499 16  8  7  49
O.3   o.co2   -0.00730022 16  8  8  50
O.3   n.ar     0.02567120 16  8 10  51
O.2   c.3      0.00101141 16  9  0  52
O.2   c.2      0.00328115 16  9  1  53
O.2   c.ar    -0.03175960 16  9  2  54
O.2   n.4      0.01517489 16  9  3  55
O.2   n.am    -0.01189689 16  9  4  56
O.2   n.pl3   -0.06940499 16  9  5  57
O.2   o.3     -0.01036355 16  9  6  58
O.2   o.2     -0.00567018 16  9  7  59
O.2   o.co2    0.00292310 16  9  8  60
O.2   n.ar    -0.05091108 16  9 10  61
O.CO2 c.3     -0.02062920 16 10  0  62
O.CO2 c.2     -0.04092348 16 10  1  63
O.CO2 c.ar     0.00813339 16 10  2  64
O.CO2 n.4     -0.02827309 16 10  3  65
O.CO2 n.am    -0.03446691 16 10  4  66
O.CO2 n.pl3   -0.04598462 16 10  5  67
O.CO2 o.3     -0.04624775 16 10  6  68
O.CO2 o.2     -0.01184642 16 10  7  69
O.CO2 o.co2   -0.05485314 16 10  8  70
O.CO2 n.ar    -0.05543322 16 10 10  71
MET   c.2     -1.00101449 16 11  1  72
MET   o.3     -0.51434925 16 11  6  73
MET   o.2     -1.00493097 16 11  7  74
MET   o.co2   -0.34232676 16 11  8  75
MET   p.3     -0.43607093 16 11  9  76
C.3   c.3      0.01632682 17  0  0   1
C.3   c.2      0.02182269 17  0  1   2
C.3   c.ar     0.00881151 17  0  2   3
C.3   o.3      0.01337773 17  0  6   4
C.3   o.2      0.00979327 17  0  7   5
C.3   o.co2    0.02741754 17  0  8   6
C.3   n.ar     0.02118114 17  0 10   7
C.3   f        0.02810988 17  0 11   8
C.2   c.3     -0.02265329 17  1  0   9
C.2   c.ar    -0.02915785 17  1  2  10
C.2   n.4      0.00030624 17  1  3  11
C.2   o.3     -0.02434229 17  1  6  12
C.2   o.2     -0.01836655 17  1  7  13
C.2   o.co2    0.00168666 17  1  8  14
C.2   n.ar    -0.04211802 17  1 10  15
C.AR  c.3      0.02610575 17  2  0  16
C.AR  c.2      0.01689906 17  2  1  17
C.AR  c.ar     0.02181650 17  2  2  18
C.AR  o.3      0.03539785 17  2  6  19
C.AR  o.2      0.03746099 17  2  7  20
C.AR  o.co2    0.01976388 17  2  8  21
C.AR  n.ar     0.03920531 17  2 10  22
C.AR  f       -0.00695713 17  2 11  23
C.CAT o.co2    0.01408501 17  3  8  24
N.4   o.3      0.06019234 17  4  6  25
N.4   o.co2    0.01244222 17  4  8  26
N.AM  c.3     -0.02091463 17  5  0  27
N.AM  c.2     -0.01858498 17  5  1  28
N.AM  c.ar    -0.01125611 17  5  2  29
N.AM  o.3     -0.01951933 17  5  6  30
N.AM  o.2     -0.00413692 17  5  7  31
N.AM  o.co2   -0.00248145 17  5  8  32
N.AM  n.ar    -0.01672278 17  5 10  33
N.PL3 c.3      0.02203339 17  6  0  34
N.PL3 c.2      0.01138169 17  6  1  35
N.PL3 c.ar     0.00114319 17  6  2  36
N.PL3 o.3     -0.00486393 17  6  6  37
N.PL3 o.2     -0.01386535 17  6  7  38
N.PL3 o.co2   -0.01657064 17  6  8  39
N.2   o.3     -0.01775078 17  7  6  40
N.2   o.2     -0.06068165 17  7  7  41
N.2   o.co2   -0.04913818 17  7  8  42
O.3   c.3     -0.02190919 17  8  0  43
O.3   c.2      0.01199915 17  8  1  44
O.3   c.ar    -0.00097714 17  8  2  45
O.3   n.4      0.03987615 17  8  3  46
O.3   n.pl3    0.04560010 17  8  5  47
O.3   o.3     -0.00561289 17  8  6  48
O.3   o.2      0.00561029 17  8  7  49
O.3   o.co2   -0.02073865 17  8  8  50
O.3   n.ar     0.03014947 17  8 10  51
O.2   c.3     -0.01172540 17  9  0  52
O.2   c.2     -0.01445823 17  9  1  53
O.2   c.ar    -0.02540766 17  9  2  54
O.2   n.4      0.01100464 17  9  3  55
O.2   n.am    -0.00689645 17  9  4  56
O.2   n.pl3   -0.04956286 17  9  5  57
O.2   o.3     -0.01606181 17  9  6  58
O.2   o.2     -0.02449109 17  9  7  59
O.2   o.co2   -0.00428567 17  9  8  60
O.2   n.ar    -0.03275140 17  9 10  61
O.CO2 c.3      0.00012855 17 10  0  62
O.CO2 c.2     -0.01098108 17 10  1  63
O.CO2 c.ar     0.00293901 17 10  2  64
O.CO2 n.4      0.01188926 17 10  3  65
O.CO2 n.am    -0.02322932 17 10  4  66
O.CO2 n.pl3    0.00224075 17 10  5  67
O.CO2 o.3     -0.03549862 17 10  6  68
O.CO2 o.2     -0.02500868 17 10  7  69
O.CO2 o.co2   -0.03782944 17 10  8  70
O.CO2 n.ar    -0.04320893 17 10 10  71
MET   c.2     -0.91335126 17 11  1  72
MET   o.3     -0.36799998 17 11  6  73
MET   o.2     -0.40275410 17 11  7  74
MET   o.co2   -0.35025340 17 11  8  75
MET   p.3      0.30654101 17 11  9  76
C.3   c.3      0.00623218 18  0  0   1
C.3   c.2      0.00704467 18  0  1   2
C.3   c.ar     0.00114895 18  0  2   3
C.3   o.3      0.00718836 18  0  6   4
C.3   o.2     -0.00258291 18  0  7   5
C.3   o.co2    0.00697912 18  0  8   6
C.3   n.ar    -0.00185295 18  0 10   7
C.3   f        0.00280110 18  0 11   8
C.2   c.3     -0.00342019 18  1  0   9
C.2   c.ar    -0.00668268 18  1  2  10
C.2   n.4     -0.00425338 18  1  3  11
C.2   o.3     -0.00209015 18  1  6  12
C.2   o.2      0.00054892 18  1  7  13
C.2   o.co2   -0.00459467 18  1  8  14
C.2   n.ar     0.00258806 18  1 10  15
C.AR  c.3      0.00877189 18  2  0  16
C.AR  c.2      0.01015786 18  2  1  17
C.AR  c.ar     0.00888628 18  2  2  18
C.AR  o.3      0.01671129 18  2  6  19
C.AR  o.2      0.00628475 18  2  7  20
C.AR  o.co2    0.00314709 18  2  8  21
C.AR  n.ar     0.02324659 18  2 10  22
C.AR  f        0.00229493 18  2 11  23
C.CAT o.co2   -0.00412045 18  3  8  24
N.4   o.3      0.00097024 18  4  6  25
N.4   o.co2    0.00441789 18  4  8  26
N.AM  c.3     -0.00144143 18  5  0  27
N.AM  c.2     -0.00361704 18  5  1  28
N.AM  c.ar    -0.00306944 18  5  2  29
N.AM  o.3     -0.00921044 18  5  6  30
N.AM  o.2     -0.01119895 18  5  7  31
N.AM  o.co2   -0.00468081 18  5  8  32
N.AM  n.ar    -0.00350569 18  5 10  33
N.PL3 c.3      0.00985219 18  6  0  34
N.PL3 c.2      0.00726917 18  6  1  35
N.PL3 c.ar     0.00517781 18  6  2  36
N.PL3 o.3      0.01132206 18  6  6  37
N.PL3 o.2     -0.02053607 18  6  7  38
N.PL3 o.co2   -0.00531949 18  6  8  39
N.2   o.3     -0.01932310 18  7  6  40
N.2   o.2     -0.01129068 18  7  7  41
N.2   o.co2   -0.01027495 18  7  8  42
O.3   c.3     -0.00997436 18  8  0  43
O.3   c.2      0.00100032 18  8  1  44
O.3   c.ar     0.00571264 18  8  2  45
O.3   n.4     -0.02997565 18  8  3  46
O.3   n.pl3    0.02294157 18  8  5  47
O.3   o.3     -0.00665251 18  8  6  48
O.3   o.2     -0.00465762 18  8  7  49
O.3   o.co2   -0.00308277 18  8  8  50
O.3   n.ar     0.02156705 18  8 10  51
O.2   c.3     -0.01027078 18  9  0  52
O.2   c.2     -0.01247163 18  9  1  53
O.2   c.ar    -0.01151066 18  9  2  54
O.2   n.4      0.00450682 18  9  3  55
O.2   n.am    -0.01250016 18  9  4  56
O.2   n.pl3   -0.00653220 18  9  5  57
O.2   o.3     -0.01095120 18  9  6  58
O.2   o.2     -0.01031710 18  9  7  59
O.2   o.co2   -0.00510691 18  9  8  60
O.2   n.ar    -0.00591684 18  9 10  61
O.CO2 c.3      0.01283361 18 10  0  62
O.CO2 c.2      0.00910354 18 10  1  63
O.CO2 c.ar     0.00280012 18 10  2  64
O.CO2 n.4     -0.00840560 18 10  3  65
O.CO2 n.am     0.00105186 18 10  4  66
O.CO2 n.pl3    0.01938064 18 10  5  67
O.CO2 o.3      0.01501683 18 10  6  68
O.CO2 o.2      0.01279366 18 10  7  69
O.CO2 o.co2   -0.00839810 18 10  8  70
O.CO2 n.ar    -0.01014132 18 10 10  71
MET   c.2     -0.47548831 18 11  1  72
MET   o.3     -0.40534589 18 11  6  73
MET   o.2     -0.08626871 18 11  7  74
MET   o.co2   -0.17990021 18 11  8  75
MET   p.3     -0.03192231 18 11  9  76
C.3   c.3     -0.00623218 19  0  0   1
C.3   c.2     -0.00704467 19  0  1   2
C.3   c.ar    -0.00114895 19  0  2   3
C.3   o.3     -0.00718836 19  0  6   4
C.3   o.2      0.00258291 19  0  7   5
C.3   o.co2   -0.00697912 19  0  8   6
C.3   n.ar     0.00185295 19  0 10   7
C.3   f       -0.00280110 19  0 11   8
C.2   c.3      0.00342019 19  1  0   9
C.2   c.ar     0.00668268 19  1  2  10
C.2   n.4      0.00425338 19  1  3  11
C.2   o.3      0.00209015 19  1  6  12
C.2   o.2     -0.00054892 19  1  7  13
C.2   o.co2    0.00459467 19  1  8  14
C.2   n.ar    -0.00258806 19  1 10  15
C.AR  c.3     -0.00877189 19  2  0  16
C.AR  c.2     -0.01015786 19  2  1  17
C.AR  c.ar    -0.00888628 19  2  2  18
C.AR  o.3     -0.01671129 19  2  6  19
C.AR  o.2     -0.00628475 19  2  7  20
C.AR  o.co2   -0.00314709 19  2  8  21
C.AR  n.ar    -0.02324659 19  2 10  22
C.AR  f       -0.00229493 19  2 11  23
C.CAT o.co2    0.00412045 19  3  8  24
N.4   o.3     -0.00097024 19  4  6  25
N.4   o.co2   -0.00441789 19  4  8  26
N.AM  c.3      0.00144143 19  5  0  27
N.AM  c.2      0.00361704 19  5  1  28
N.AM  c.ar     0.00306944 19  5  2  29
N.AM  o.3      0.00921044 19  5  6  30
N.AM  o.2      0.01119895 19  5  7  31
N.AM  o.co2    0.00468081 19  5  8  32
N.AM  n.ar     0.00350569 19  5 10  33
N.PL3 c.3     -0.00985219 19  6  0  34
N.PL3 c.2     -0.00726917 19  6  1  35
N.PL3 c.ar    -0.00517781 19  6  2  36
N.PL3 o.3     -0.01132206 19  6  6  37
N.PL3 o.2      0.02053607 19  6  7  38
N.PL3 o.co2    0.00531949 19  6  8  39
N.2   o.3      0.01932310 19  7  6  40
N.2   o.2      0.01129068 19  7  7  41
N.2   o.co2    0.01027495 19  7  8  42
O.3   c.3      0.00997436 19  8  0  43
O.3   c.2     -0.00100032 19  8  1  44
O.3   c.ar    -0.00571264 19  8  2  45
O.3   n.4      0.02997565 19  8  3  46
O.3   n.pl3   -0.02294157 19  8  5  47
O.3   o.3      0.00665251 19  8  6  48
O.3   o.2      0.00465762 19  8  7  49
O.3   o.co2    0.00308277 19  8  8  50
O.3   n.ar    -0.02156705 19  8 10  51
O.2   c.3      0.01027078 19  9  0  52
O.2   c.2      0.01247163 19  9  1  53
O.2   c.ar     0.01151066 19  9  2  54
O.2   n.4     -0.00450682 19  9  3  55
O.2   n.am     0.01250016 19  9  4  56
O.2   n.pl3    0.00653220 19  9  5  57
O.2   o.3      0.01095120 19  9  6  58
O.2   o.2      0.01031710 19  9  7  59
O.2   o.co2    0.00510691 19  9  8  60
O.2   n.ar     0.00591684 19  9 10  61
O.CO2 c.3     -0.01283361 19 10  0  62
O.CO2 c.2     -0.00910354 19 10  1  63
O.CO2 c.ar    -0.00280012 19 10  2  64
O.CO2 n.4      0.00840560 19 10  3  65
O.CO2 n.am    -0.00105186 19 10  4  66
O.CO2 n.pl3   -0.01938064 19 10  5  67
O.CO2 o.3     -0.01501683 19 10  6  68
O.CO2 o.2     -0.01279366 19 10  7  69
O.CO2 o.co2    0.00839810 19 10  8  70
O.CO2 n.ar     0.01014132 19 10 10  71
MET   c.2      0.47548831 19 11  1  72
MET   o.3      0.40534589 19 11  6  73
MET   o.2      0.08626871 19 11  7  74
MET   o.co2    0.17990021 19 11  8  75
MET   p.3      0.03192231 19 11  9  76
